 ORDER / ID 0 1 2 3 4 5 6 7 8 9   QUICK FIND
1           0 1 2 3 4 5 6 7 8 0   9-0
2           0 1 2 3 3 5 6 7 8 0   3-4
3           0 1 2 3 3 5 6 7 5 0   5-8
4           0 1 2 3 3 5 6 2 5 0   7-2
5           0 1 1 3 3 5 6 1 5 0
6           0 1 1 3 3 1 6 1 1 0
7           0 1 1 0 0 1 6 1 1 0
8           0 0 0 0 0 0 6 0 0 0


 ORDER / ID 0 1 2 3 4 5 6 7 8 9  QUICK UNION
1           0 1 2 3 4 5 6 7 8 0   9-0
2           0 1 2 3 3 5 6 7 8 0	  3-4
3           0 1 2 3 3 5 6 7 5 0   5-8
4           0 1 2 3 3 5 6 2 5 0   7-2
5           0 2 2 3 3 5 6 2 5 0   2-1
6           0 2 2 3 3 2 6 2 5 0   5-7
7           3 2 2 3 3 2 6 2 5 0   0-3
8           3 2 2 3 2 2 6 2 5 0   4-2


quiz

quick find
10**9 x 10 **6 x 10 all/ 10**9

weight find
2 x x 10 **6 x 10 all/ 10**9